xof 0303txt 0032
template ColorRGBA {
 <35ff44e0-6c7c-11cf-8f52-0040333594a3>
 FLOAT red;
 FLOAT green;
 FLOAT blue;
 FLOAT alpha;
}

template ColorRGB {
 <d3e16e81-7835-11cf-8f52-0040333594a3>
 FLOAT red;
 FLOAT green;
 FLOAT blue;
}

template Material {
 <3d82ab4d-62da-11cf-ab39-0020af71e433>
 ColorRGBA faceColor;
 FLOAT power;
 ColorRGB specularColor;
 ColorRGB emissiveColor;
 [...]
}

template TextureFilename {
 <a42790e1-7810-11cf-8f52-0040333594a3>
 STRING filename;
}

template Frame {
 <3d82ab46-62da-11cf-ab39-0020af71e433>
 [...]
}

template Matrix4x4 {
 <f6f23f45-7686-11cf-8f52-0040333594a3>
 array FLOAT matrix[16];
}

template FrameTransformMatrix {
 <f6f23f41-7686-11cf-8f52-0040333594a3>
 Matrix4x4 frameMatrix;
}

template Vector {
 <3d82ab5e-62da-11cf-ab39-0020af71e433>
 FLOAT x;
 FLOAT y;
 FLOAT z;
}

template MeshFace {
 <3d82ab5f-62da-11cf-ab39-0020af71e433>
 DWORD nFaceVertexIndices;
 array DWORD faceVertexIndices[nFaceVertexIndices];
}

template Mesh {
 <3d82ab44-62da-11cf-ab39-0020af71e433>
 DWORD nVertices;
 array Vector vertices[nVertices];
 DWORD nFaces;
 array MeshFace faces[nFaces];
 [...]
}

template MeshMaterialList {
 <f6f23f42-7686-11cf-8f52-0040333594a3>
 DWORD nMaterials;
 DWORD nFaceIndexes;
 array DWORD faceIndexes[nFaceIndexes];
 [Material <3d82ab4d-62da-11cf-ab39-0020af71e433>]
}

template VertexElement {
 <f752461c-1e23-48f6-b9f8-8350850f336f>
 DWORD Type;
 DWORD Method;
 DWORD Usage;
 DWORD UsageIndex;
}

template DeclData {
 <bf22e553-292c-4781-9fea-62bd554bdd93>
 DWORD nElements;
 array VertexElement Elements[nElements];
 DWORD nDWords;
 array DWORD data[nDWords];
}

template XSkinMeshHeader {
 <3cf169ce-ff7c-44ab-93c0-f78f62d172e2>
 WORD nMaxSkinWeightsPerVertex;
 WORD nMaxSkinWeightsPerFace;
 WORD nBones;
}

template SkinWeights {
 <6f0d123b-bad2-4167-a0d0-80224f25fabb>
 STRING transformNodeName;
 DWORD nWeights;
 array DWORD vertexIndices[nWeights];
 array FLOAT weights[nWeights];
 Matrix4x4 matrixOffset;
}

template AnimTicksPerSecond {
 <9e415a43-7ba6-4a73-8743-b73d47e88476>
 DWORD AnimTicksPerSecond;
}

template Animation {
 <3d82ab4f-62da-11cf-ab39-0020af71e433>
 [...]
}

template AnimationSet {
 <3d82ab50-62da-11cf-ab39-0020af71e433>
 [Animation <3d82ab4f-62da-11cf-ab39-0020af71e433>]
}

template FloatKeys {
 <10dd46a9-775b-11cf-8f52-0040333594a3>
 DWORD nValues;
 array FLOAT values[nValues];
}

template TimedFloatKeys {
 <f406b180-7b3b-11cf-8f52-0040333594a3>
 DWORD time;
 FloatKeys tfkeys;
}

template AnimationKey {
 <10dd46a8-775b-11cf-8f52-0040333594a3>
 DWORD keyType;
 DWORD nKeys;
 array TimedFloatKeys keys[nKeys];
}


Material Guard_head {
 1.000000;1.000000;1.000000;1.000000;;
 10.000000;
 0.000000;0.000000;0.000000;;
 0.000000;0.000000;0.000000;;

 TextureFilename {
  "Guard_head";
 }
}

Material Guard_body {
 1.000000;1.000000;1.000000;1.000000;;
 10.000000;
 0.000000;0.000000;0.000000;;
 0.000000;0.000000;0.000000;;

 TextureFilename {
  "Guard_body";
 }
}

Material Eye_Mat_INST {
 1.000000;1.000000;1.000000;1.000000;;
 10.000000;
 0.000000;0.000000;0.000000;;
 0.000000;0.000000;0.000000;;

 TextureFilename {
  "Eye_Mat_INST";
 }
}

Material Guard_cap {
 1.000000;1.000000;1.000000;1.000000;;
 10.000000;
 0.000000;0.000000;0.000000;;
 0.000000;0.000000;0.000000;;

 TextureFilename {
  "Guard_cap";
 }
}

Material Material__642 {
 1.000000;1.000000;1.000000;1.000000;;
 10.000000;
 0.000000;0.000000;0.000000;;
 0.000000;0.000000;0.000000;;

 TextureFilename {
  "head_D.tga";
 }
}

Material Material__463 {
 1.000000;1.000000;1.000000;1.000000;;
 10.000000;
 0.000000;0.000000;0.000000;;
 0.000000;0.000000;0.000000;;

 TextureFilename {
  "Guard_body_D.tga";
 }
}

Material Material__476 {
 1.000000;1.000000;1.000000;1.000000;;
 10.000000;
 0.000000;0.000000;0.000000;;
 0.000000;0.000000;0.000000;;

 TextureFilename {
  "Guard_body_D.tga";
 }
}

Material Material__679 {
 1.000000;1.000000;1.000000;1.000000;;
 10.000000;
 0.000000;0.000000;0.000000;;
 0.000000;0.000000;0.000000;;

 TextureFilename {
  "cap_D.tga";
 }
}

Material Material__667 {
 1.000000;1.000000;1.000000;1.000000;;
 10.000000;
 0.000000;0.000000;0.000000;;
 0.000000;0.000000;0.000000;;

 TextureFilename {
  "arm_D.tga";
 }
}

Material Material__716 {
 1.000000;1.000000;1.000000;1.000000;;
 10.000000;
 0.000000;0.000000;0.000000;;
 0.000000;0.000000;0.000000;;

 TextureFilename {
  "Body_D.tga";
 }
}

Frame root {
 

 FrameTransformMatrix {
  1.000000,0.000000,0.000000,0.000000,0.000000,1.000000,0.000000,0.000000,0.000000,0.000000,1.000000,0.000000,0.000000,0.000000,0.000000,1.000000;;
 }

 Frame NPCMedium-Root {
  

  FrameTransformMatrix {
   0.000000,-0.000000,-1.000000,0.000000,0.000000,1.000000,-0.000000,0.000000,1.000000,0.000000,0.000000,0.000000,0.000000,0.000000,0.000000,1.000000;;
  }

  Frame NPCMedium {
   

   FrameTransformMatrix {
    1.000000,-0.000000,0.000000,0.000000,-0.000000,0.997028,0.077038,0.000000,-0.000000,-0.077038,0.997028,0.000000,0.000000,105.347776,0.000000,1.000000;;
   }

   Frame NPCMedium-Pelvis {
    

    FrameTransformMatrix {
     0.206322,0.959761,0.190501,0.000000,-0.040039,-0.186246,0.981687,0.000000,0.977665,-0.210172,0.000001,0.000000,0.000000,0.000000,0.000000,1.000000;;
    }

    Frame NPCMedium-Spine {
     

     FrameTransformMatrix {
      0.976084,-0.187074,-0.110745,0.000000,0.188661,0.982034,0.003940,0.000000,0.108018,-0.024739,0.993841,0.000000,6.265892,-0.000002,1.526587,1.000000;;
     }

     Frame NPCMedium-Spine1 {
      

      FrameTransformMatrix {
       0.996878,-0.075604,0.022778,0.000000,0.075592,0.997138,0.001390,0.000000,-0.022817,0.000336,0.999740,0.000000,11.762146,0.000000,-0.009331,1.000000;;
      }

      Frame NPCMedium-Spine2 {
       

       FrameTransformMatrix {
        0.997987,-0.061389,0.015886,0.000000,0.062493,0.994650,-0.082261,0.000000,-0.010752,0.083088,0.996484,0.000000,11.761826,0.000000,-0.009296,1.000000;;
       }

       Frame NPCMedium-Spine3 {
        

        FrameTransformMatrix {
         0.991182,0.029574,0.129163,0.000000,-0.017620,0.995535,-0.092732,0.000000,-0.131329,0.089639,0.987278,0.000000,11.762390,0.000001,-0.009650,1.000000;;
        }

        Frame NPCMedium-Neck {
         

         FrameTransformMatrix {
          0.300340,-0.140300,0.943458,0.000000,0.021890,0.989877,0.140234,0.000000,-0.953581,-0.021466,0.300371,0.000000,12.290939,0.000001,1.664721,1.000000;;
         }

         Frame NPCMedium-Head {
          

          FrameTransformMatrix {
           0.853354,-0.262762,-0.450270,0.000000,0.195470,0.961950,-0.190904,0.000000,0.483299,0.074894,0.872246,0.000000,9.646515,0.000001,-0.054443,1.000000;;
          }
         }

         Frame NPCMedium-L-Clavicle {
          

          FrameTransformMatrix {
           -0.158677,0.948053,-0.275711,0.000000,0.346854,-0.207924,-0.914582,0.000000,-0.924399,-0.240755,-0.295843,0.000000,-4.819868,2.425628,5.090759,1.000000;;
          }

          Frame NPCMedium-L-UpperArm {
           

           FrameTransformMatrix {
            0.978579,-0.203884,0.028546,0.000000,-0.092786,-0.313003,0.945209,0.000000,-0.183778,-0.927610,-0.325216,0.000000,17.599114,-0.000031,-0.000025,1.000000;;
           }

           Frame NPCMedium-L-Forearm {
            

            FrameTransformMatrix {
             0.976287,-0.000000,-0.216479,0.000000,0.000000,1.000000,0.000000,0.000000,0.216479,-0.000000,0.976287,0.000000,29.088390,-0.000002,0.000000,1.000000;;
            }

            Frame NPCMedium-L-Hand {
             

             FrameTransformMatrix {
              0.961099,-0.227210,-0.157046,0.000000,0.152377,-0.038059,0.987590,0.000000,-0.230367,-0.973102,-0.001957,0.000000,26.064568,0.000044,-0.000015,1.000000;;
             }

             Frame NPCMedium-L-Finger0 {
              

              FrameTransformMatrix {
               0.880985,-0.259713,0.395492,0.000000,0.469865,0.381993,-0.795807,0.000000,0.055606,0.886922,0.458561,0.000000,5.133087,-3.728012,0.202773,1.000000;;
              }

              Frame NPCMedium-L-Finger01 {
               

               FrameTransformMatrix {
                0.988535,0.063477,0.137001,0.000000,-0.062876,0.997983,-0.008713,0.000000,-0.137278,-0.000000,0.990533,0.000000,5.281372,-0.000008,-0.000015,1.000000;;
               }

               Frame NPCMedium-L-Finger02 {
                

                FrameTransformMatrix {
                 0.957731,0.000000,-0.287666,0.000000,-0.000001,1.000000,-0.000000,0.000000,0.287665,0.000000,0.957731,0.000000,3.493439,-0.000002,-0.000015,1.000000;;
                }
               }
              }
             }

             Frame NPCMedium-L-Finger1 {
              

              FrameTransformMatrix {
               0.944049,0.178013,0.277638,0.000000,-0.097842,0.955093,-0.279686,0.000000,-0.314958,0.236873,0.919072,0.000000,13.993957,-2.413147,-0.709493,1.000000;;
              }

              Frame NPCMedium-L-Finger11 {
               

               FrameTransformMatrix {
                0.975462,-0.000000,0.220167,0.000000,-0.000000,1.000000,0.000000,0.000000,-0.220167,-0.000000,0.975462,0.000000,4.690323,0.000008,0.000000,1.000000;;
               }

               Frame NPCMedium-L-Finger12 {
                

                FrameTransformMatrix {
                 0.941579,0.000000,0.336792,0.000000,-0.000000,1.000000,0.000000,0.000000,-0.336792,-0.000000,0.941579,0.000000,2.713409,-0.000015,-0.000008,1.000000;;
                }
               }
              }
             }

             Frame NPCMedium-L-Finger2 {
              

              FrameTransformMatrix {
               0.940544,0.237577,0.242765,0.000000,-0.236438,0.971043,-0.034260,0.000000,-0.243875,-0.025176,0.969480,0.000000,13.672379,0.168716,-0.834075,1.000000;;
              }

              Frame NPCMedium-L-Finger21 {
               

               FrameTransformMatrix {
                0.955929,-0.000000,0.293598,0.000000,0.000000,1.000000,0.000000,0.000000,-0.293598,0.000000,0.955929,0.000000,4.285172,0.000000,0.000008,1.000000;;
               }

               Frame NPCMedium-L-Finger22 {
                

                FrameTransformMatrix {
                 0.909439,-0.000000,0.415838,0.000000,0.000000,1.000000,0.000000,0.000000,-0.415838,0.000000,0.909439,0.000000,3.433838,0.000000,-0.000008,1.000000;;
                }
               }
              }
             }

             Frame NPCMedium-L-Finger3 {
              

              FrameTransformMatrix {
               0.916750,0.246402,0.314413,0.000000,-0.304666,0.940352,0.151385,0.000000,-0.258358,-0.234573,0.937138,0.000000,12.583649,2.591812,-0.693798,1.000000;;
              }

              Frame NPCMedium-L-Finger31 {
               

               FrameTransformMatrix {
                0.991284,-0.000000,0.131740,0.000000,0.000000,1.000000,0.000000,0.000000,-0.131740,-0.000000,0.991284,0.000000,4.543732,0.000000,-0.000004,1.000000;;
               }

               Frame NPCMedium-L-Finger32 {
                

                FrameTransformMatrix {
                 0.964239,-0.000000,0.265036,0.000000,0.000000,1.000000,0.000000,0.000000,-0.265036,-0.000000,0.964239,0.000000,3.222267,0.000000,0.000000,1.000000;;
                }
               }
              }
             }

             Frame NPCMedium-L-Finger4 {
              

              FrameTransformMatrix {
               0.966627,0.023064,0.255150,0.000000,-0.100372,0.950414,0.294344,0.000000,-0.235710,-0.310130,0.921010,0.000000,11.642746,4.597046,0.477164,1.000000;;
              }

              Frame NPCMedium-L-Finger41 {
               

               FrameTransformMatrix {
                0.949171,-0.000000,0.314760,0.000000,0.000000,1.000000,0.000000,0.000000,-0.314760,-0.000000,0.949171,0.000000,3.552796,0.000008,-0.000002,1.000000;;
               }

               Frame NPCMedium-L-Finger42 {
                

                FrameTransformMatrix {
                 0.982515,-0.000000,0.186184,0.000000,0.000000,1.000000,0.000000,0.000000,-0.186184,-0.000000,0.982515,0.000000,2.181931,-0.000008,0.000004,1.000000;;
                }
               }
              }
             }
            }
           }

           Frame NPCMedium-L-ForeTwist {
            

            FrameTransformMatrix {
             0.976287,-0.000000,-0.216479,0.000000,0.002779,0.999918,0.012535,0.000000,0.216461,-0.012839,0.976207,0.000000,29.088307,0.000025,0.000000,1.000000;;
            }

            Frame NPCMedium-L-ForeTwist1 {
             

             FrameTransformMatrix {
              1.000000,0.000000,-0.000000,0.000000,-0.000000,0.999917,0.012839,0.000000,-0.000000,-0.012839,0.999918,0.000000,13.032318,-0.000004,0.000031,1.000000;;
             }
            }
           }
          }

          Frame NPCMedium-LUpArmTwist {
           

           FrameTransformMatrix {
            0.978579,-0.203884,0.028546,0.000000,0.130960,0.723466,0.677825,0.000000,-0.158850,-0.659566,0.734670,0.000000,17.599045,-0.000015,-0.000008,1.000000;;
           }

           Frame NPCMedium-LUpArmTwist1 {
            

            FrameTransformMatrix {
             1.000000,0.000000,0.000000,0.000000,-0.000000,0.837283,0.546769,0.000000,-0.000000,-0.546769,0.837283,0.000000,14.544186,0.000000,0.000008,1.000000;;
            }
           }
          }
         }

         Frame NPCMedium-R-Clavicle {
          

          FrameTransformMatrix {
           0.163040,-0.912491,-0.375205,0.000000,-0.256486,-0.406418,0.876949,0.000000,-0.952698,-0.046743,-0.300303,0.000000,-4.819869,-2.425597,5.090790,1.000000;;
          }

          Frame NPCMedium-R-UpperArm {
           

           FrameTransformMatrix {
            0.823077,0.298385,0.483229,0.000000,0.534620,-0.119963,-0.836535,0.000000,-0.191640,0.946877,-0.258261,0.000000,17.598979,-0.000015,0.000000,1.000000;;
           }

           Frame NPCMedium-R-Forearm {
            

            FrameTransformMatrix {
             0.950757,-0.000000,-0.309938,0.000000,0.000000,1.000000,-0.000000,0.000000,0.309938,-0.000000,0.950757,0.000000,29.088397,-0.000002,0.000015,1.000000;;
            }

            Frame NPCMedium-R-Hand {
             

             FrameTransformMatrix {
              0.913583,0.380641,0.143103,0.000000,0.167974,-0.032750,-0.985247,0.000000,-0.370339,0.924143,-0.093858,0.000000,26.064690,0.000048,0.000053,1.000000;;
             }

             Frame NPCMedium-R-Finger0 {
              

              FrameTransformMatrix {
               0.919971,0.202605,0.335568,0.000000,-0.391402,0.427998,0.814630,0.000000,0.021426,-0.880778,0.473046,0.000000,5.133080,3.728027,0.202770,1.000000;;
              }

              Frame NPCMedium-R-Finger01 {
               

               FrameTransformMatrix {
                0.957430,-0.086791,0.275308,0.000000,0.083411,0.996227,0.023985,0.000000,-0.276351,0.000000,0.961057,0.000000,5.281357,0.000000,-0.000015,1.000000;;
               }

               Frame NPCMedium-R-Finger02 {
                

                FrameTransformMatrix {
                 0.945920,-0.000000,-0.324402,0.000000,-0.000000,1.000000,-0.000000,0.000000,0.324402,0.000000,0.945919,0.000000,3.493446,-0.000008,-0.000015,1.000000;;
                }
               }
              }
             }

             Frame NPCMedium-R-Finger1 {
              

              FrameTransformMatrix {
               0.944049,-0.178013,0.277638,0.000000,0.097842,0.955093,0.279686,0.000000,-0.314958,-0.236873,0.919072,0.000000,13.993957,2.413147,-0.709493,1.000000;;
              }

              Frame NPCMedium-R-Finger11 {
               

               FrameTransformMatrix {
                0.931966,-0.000000,0.362546,0.000000,0.000000,1.000000,0.000000,0.000000,-0.362546,0.000000,0.931966,0.000000,4.690308,0.000000,0.000015,1.000000;;
               }

               Frame NPCMedium-R-Finger12 {
                

                FrameTransformMatrix {
                 0.969858,0.000001,0.243674,0.000000,-0.000001,1.000000,-0.000000,0.000000,-0.243674,0.000000,0.969857,0.000000,2.713440,0.000031,-0.000008,1.000000;;
                }
               }
              }
             }

             Frame NPCMedium-R-Finger2 {
              

              FrameTransformMatrix {
               0.940544,-0.237577,0.242765,0.000000,0.236438,0.971042,0.034260,0.000000,-0.243875,0.025176,0.969480,0.000000,13.672355,-0.168701,-0.834076,1.000000;;
              }

              Frame NPCMedium-R-Finger21 {
               

               FrameTransformMatrix {
                0.937626,-0.000000,0.347646,0.000000,0.000000,1.000000,0.000000,0.000000,-0.347646,0.000000,0.937626,0.000000,4.285172,-0.000015,-0.000004,1.000000;;
               }

               Frame NPCMedium-R-Finger22 {
                

                FrameTransformMatrix {
                 0.895245,0.000001,0.445573,0.000000,-0.000001,1.000000,-0.000000,0.000000,-0.445573,-0.000000,0.895245,0.000000,3.433830,-0.000015,0.000000,1.000000;;
                }
               }
              }
             }

             Frame NPCMedium-R-Finger3 {
              

              FrameTransformMatrix {
               0.916750,-0.246403,0.314414,0.000000,0.304666,0.940352,-0.151385,0.000000,-0.258358,0.234573,0.937137,0.000000,12.583649,-2.591812,-0.693801,1.000000;;
              }

              Frame NPCMedium-R-Finger31 {
               

               FrameTransformMatrix {
                0.951315,-0.000000,0.308221,0.000000,0.000000,1.000000,0.000000,0.000000,-0.308221,-0.000000,0.951315,0.000000,4.543732,-0.000015,0.000000,1.000000;;
               }

               Frame NPCMedium-R-Finger32 {
                

                FrameTransformMatrix {
                 0.973925,0.000001,0.226872,0.000000,-0.000001,1.000000,-0.000000,0.000000,-0.226871,0.000000,0.973925,0.000000,3.222267,-0.000015,0.000000,1.000000;;
                }
               }
              }
             }

             Frame NPCMedium-R-Finger4 {
              

              FrameTransformMatrix {
               0.966626,-0.023064,0.255151,0.000000,0.100372,0.950414,-0.294344,0.000000,-0.235710,0.310131,0.921010,0.000000,11.642746,-4.597015,0.477161,1.000000;;
              }

              Frame NPCMedium-R-Finger41 {
               

               FrameTransformMatrix {
                0.964683,-0.000000,0.263414,0.000000,0.000000,1.000000,0.000000,0.000000,-0.263414,0.000000,0.964683,0.000000,3.552818,0.000000,0.000004,1.000000;;
               }

               Frame NPCMedium-R-Finger42 {
                

                FrameTransformMatrix {
                 0.985818,0.000001,0.167818,0.000000,-0.000001,1.000000,-0.000000,0.000000,-0.167818,0.000000,0.985818,0.000000,2.181946,0.000000,-0.000006,1.000000;;
                }
               }
              }
             }
            }
           }

           Frame NPCMedium-R-ForeTwist {
            

            FrameTransformMatrix {
             0.950757,-0.000000,-0.309938,0.000000,-0.003433,0.999939,-0.010531,0.000000,0.309919,0.011076,0.950698,0.000000,29.088464,0.000013,0.000000,1.000000;;
            }

            Frame NPCMedium-R-ForeTwist1 {
             

             FrameTransformMatrix {
              1.000000,-0.000000,-0.000000,0.000000,0.000000,0.999939,-0.011076,0.000000,0.000000,0.011076,0.999938,0.000000,13.032318,0.000002,-0.000008,1.000000;;
             }
            }
           }
          }

          Frame NPCMedium-RUpArmTwist {
           

           FrameTransformMatrix {
            0.823077,0.298385,0.483229,0.000000,-0.020114,0.865643,-0.500259,0.000000,-0.567573,0.402032,0.718492,0.000000,17.599042,0.000015,-0.000004,1.000000;;
           }

           Frame NPCMedium-RUpArmTwist1 {
            

            FrameTransformMatrix {
             1.000000,-0.000000,0.000001,0.000000,0.000001,0.807429,-0.589964,0.000000,-0.000000,0.589964,0.807429,0.000000,14.544189,0.000000,0.000008,1.000000;;
            }
           }
          }
         }
        }
       }
      }
     }

     Frame NPCMedium-LThighTwist {
      

      FrameTransformMatrix {
       -0.853040,0.128907,0.505675,0.000000,0.008139,-0.965606,0.259882,0.000000,0.521783,0.225805,0.822651,0.000000,-6.331467,9.330373,-1.226532,1.000000;;
      }

      Frame NPCMedium-LThighTwist1 {
       

       FrameTransformMatrix {
        1.000000,0.000000,0.000000,0.000000,0.000000,1.000000,0.000002,0.000000,0.000000,-0.000002,1.000000,0.000000,24.622299,0.000001,0.000004,1.000000;;
       }
      }
     }

     Frame NPCMedium-RThighTwist {
      

      FrameTransformMatrix {
       -0.902457,0.094669,0.420249,0.000000,-0.141058,-0.986712,-0.080637,0.000000,0.407031,-0.132051,0.903819,0.000000,-6.331474,-9.330377,-1.226480,1.000000;;
      }

      Frame NPCMedium-RThighTwist1 {
       

       FrameTransformMatrix {
        1.000000,-0.000000,-0.000000,0.000000,0.000000,1.000000,0.000001,0.000000,0.000000,-0.000001,1.000000,0.000000,24.622299,-0.000001,0.000004,1.000000;;
       }
      }
     }
    }

    Frame NPCMedium-L-Thigh {
     

     FrameTransformMatrix {
      -0.753696,0.273662,0.597538,0.000000,-0.146156,-0.956210,0.253576,0.000000,0.640766,0.103785,0.760689,0.000000,-0.000008,9.330374,0.000017,1.000000;;
     }

     Frame NPCMedium-L-Calf {
      

      FrameTransformMatrix {
       0.538376,0.000000,-0.842705,0.000000,0.000000,1.000000,-0.000000,0.000000,0.842705,0.000000,0.538376,0.000000,49.244614,0.000001,-0.000004,1.000000;;
      }

      Frame NPCMedium-L-Foot {
       

       FrameTransformMatrix {
        0.556340,-0.254784,-0.790931,0.000000,0.121391,0.966542,-0.225968,0.000000,0.822040,0.029703,0.568654,0.000000,45.285331,-0.000129,0.000025,1.000000;;
       }

       Frame NPCMedium-L-Toe0 {
        

        FrameTransformMatrix {
         -0.186556,0.000001,0.982444,0.000000,0.054305,0.998471,0.010311,0.000000,-0.980942,0.055275,-0.186271,0.000000,11.347711,-0.000001,15.738182,1.000000;;
        }
       }
      }
     }

     Frame NPCMedium-LCalfTwist {
      

      FrameTransformMatrix {
       0.538376,-0.000000,-0.842705,0.000000,-0.064450,0.997071,-0.041175,0.000000,0.840237,0.076480,0.536799,0.000000,49.244598,-0.000067,0.000008,1.000000;;
      }

      Frame NPCMedium-LCalfTwist1 {
       

       FrameTransformMatrix {
        1.000000,0.000001,0.000000,0.000000,-0.000001,0.997071,-0.076481,0.000000,-0.000000,0.076481,0.997071,0.000000,22.642682,0.000000,0.000000,1.000000;;
       }
      }
     }
    }

    Frame NPCMedium-R-Thigh {
     

     FrameTransformMatrix {
      -0.817619,0.251398,0.517976,0.000000,-0.332549,-0.940602,-0.068406,0.000000,0.470012,-0.228183,0.852655,0.000000,0.000015,-9.330370,-0.000008,1.000000;;
     }

     Frame NPCMedium-R-Calf {
      

      FrameTransformMatrix {
       0.777727,0.000000,-0.628602,0.000000,0.000000,1.000000,0.000000,0.000000,0.628602,-0.000000,0.777727,0.000000,49.244605,-0.000003,0.000004,1.000000;;
      }

      Frame NPCMedium-R-Foot {
       

       FrameTransformMatrix {
        0.374988,0.103238,-0.921263,0.000000,0.062443,0.988710,0.136213,0.000000,0.924924,-0.108604,0.364308,0.000000,45.285366,-0.000125,-0.000024,1.000000;;
       }

       Frame NPCMedium-R-Toe0 {
        

        FrameTransformMatrix {
         -0.186555,0.000001,0.982444,0.000000,-0.054304,0.998471,-0.010313,0.000000,-0.980943,-0.055275,-0.186270,0.000000,11.347709,-0.000001,15.738182,1.000000;;
        }
       }
      }
     }

     Frame NPCMedium-RCalfTwist {
      

      FrameTransformMatrix {
       0.777727,0.000000,-0.628602,0.000000,0.028677,0.998959,0.035480,0.000000,0.627948,-0.045620,0.776917,0.000000,49.244614,-0.000069,-0.000011,1.000000;;
      }

      Frame NPCMedium-RCalfTwist1 {
       

       FrameTransformMatrix {
        1.000000,0.000001,0.000000,0.000000,-0.000001,0.998959,0.045619,0.000000,-0.000000,-0.045619,0.998959,0.000000,22.642677,-0.000001,-0.000001,1.000000;;
       }
      }
     }
    }
   }
  }
 }

 Frame Guard {
  

  FrameTransformMatrix {
   1.000000,0.000000,0.000000,0.000000,0.000000,1.000000,0.000000,0.000000,0.000000,0.000000,1.000000,0.000000,0.000000,0.000000,0.000000,1.000000;;
  }

  Mesh Guard {
   9236;
   1.747345;162.896486;7.542969;,
   0.000000;164.351322;5.880371;,
   0.000000;162.747072;7.693114;,
   4.124634;163.370112;7.247802;,
   1.286499;164.384282;6.159912;,
   0.000000;165.317082;5.004394;,
   0.000000;164.351322;5.880371;,
   1.361084;165.561395;5.286377;,
   0.000000;166.658573;4.550293;,
   1.491821;172.690125;3.870606;,
   0.000000;170.802970;3.681396;,
   1.464661;170.364864;3.711914;,
   0.000000;168.697754;3.942139;,
   0.000000;170.802970;3.681396;,
   1.402222;168.448243;4.084961;,
   1.408203;166.997440;4.562012;,
   2.996033;166.102170;4.947266;,
   3.551758;164.847296;5.982910;,
   1.286499;164.384282;6.159912;,
   4.124634;163.370112;7.247802;,
   2.749512;172.501709;3.695801;,
   2.650879;170.470336;3.638916;,
   2.571655;168.412352;3.886719;,
   2.813354;167.085939;4.244385;,
   4.014770;168.332762;3.210205;,
   4.183838;166.773440;3.619629;,
   4.245361;170.457638;3.000488;,
   4.187988;172.247859;3.187744;,
   4.601318;174.382630;3.446045;,
   6.105469;174.168704;2.364990;,
   6.319580;176.127910;2.791260;,
   7.451660;176.077594;0.845947;,
   7.563477;177.963136;0.699707;,
   7.630859;175.812621;-0.996826;,
   7.723877;177.476467;-1.429764;,
   7.245117;173.990579;0.703980;,
   5.641358;172.172467;1.951477;,
   5.175049;169.979008;2.169495;,
   6.357910;171.946509;0.705170;,
   7.207275;173.604160;-1.114258;,
   7.527710;174.205632;-2.290527;,
   6.854004;171.456141;-0.672028;,
   6.996582;172.312013;-2.280029;,
   6.015869;169.782016;0.913574;,
   5.181152;168.148442;2.147705;,
   5.577148;166.092646;2.715698;,
   4.719726;165.585933;4.482178;,
   5.885498;165.183475;3.436066;,
   7.926514;163.044928;0.107117;,
   8.699463;162.993651;2.659790;,
   9.066406;161.674560;0.005127;,
   7.467285;164.107174;1.615021;,
   6.325928;164.424678;4.202026;,
   5.254394;164.624755;5.247558;,
   6.264892;163.612301;6.283203;,
   8.175293;163.452275;5.067993;,
   10.602539;162.324224;3.316162;,
   11.343262;160.707277;0.373535;,
   8.376465;160.195917;-1.997864;,
   7.244873;161.852838;-1.788208;,
   7.249146;155.202266;-8.150390;,
   4.552307;157.391475;-7.593018;,
   6.385010;158.187750;-6.558594;,
   10.189026;157.895514;-5.805664;,
   7.946289;159.043456;-4.191650;,
   11.355606;159.112794;-2.627930;,
   3.233154;165.578611;-6.357178;,
   4.272705;164.558477;-4.986816;,
   3.046143;164.269965;-5.706055;,
   3.979126;162.167936;-5.056885;,
   5.180176;162.657741;-4.308106;,
   5.407593;160.031859;-4.831055;,
   6.642456;160.586304;-3.569580;,
   4.589111;166.074957;-7.749023;,
   2.413330;165.032960;-7.717285;,
   3.573486;165.519283;-8.804810;,
   1.934448;163.960730;-6.449463;,
   2.912140;161.865818;-5.481201;,
   4.077942;159.544307;-5.603027;,
   0.806152;164.103757;-8.088990;,
   0.827332;163.392218;-7.133545;,
   0.000000;163.940429;-8.179443;,
   1.885742;161.955110;-5.961670;,
   2.005310;159.520538;-5.920166;,
   3.091644;159.401766;-5.911621;,
   2.758270;157.220954;-7.691406;,
   3.630158;153.245107;-9.556152;,
   5.101959;154.200563;-9.097656;,
   0.000000;157.519283;-6.230957;,
   1.303463;156.665869;-7.681641;,
   0.042542;155.873754;-7.116699;,
   1.717957;152.799027;-9.537354;,
   0.100281;152.192653;-9.459229;,
   0.937500;157.608435;-6.510254;,
   0.000000;159.235136;-5.948975;,
   -0.937500;157.608435;-6.510254;,
   -0.948242;159.405338;-5.896240;,
   -2.005310;159.520538;-5.920166;,
   -1.014587;161.622618;-6.530029;,
   -2.005310;159.520538;-5.920166;,
   -1.885742;161.955110;-5.961670;,
   0.000000;161.505792;-6.807617;,
   1.014587;161.622618;-6.530029;,
   0.000000;163.216064;-7.493897;,
   -0.827332;163.392218;-7.133545;,
   -0.806152;164.103757;-8.088990;,
   0.948242;159.405338;-5.896240;,
   -1.934448;163.960730;-6.449463;,
   -2.441162;165.058099;-7.836426;,
   -1.953674;164.703859;-9.390014;,
   -3.679199;165.538816;-8.839722;,
   -3.151855;164.957030;-9.976441;,
   -1.850891;164.476813;-10.381226;,
   -2.601479;164.667238;-11.245606;,
   -1.693207;164.230707;-11.212219;,
   -3.979126;162.167936;-5.056885;,
   -3.018311;164.307123;-5.743896;,
   -2.912140;161.865818;-5.481201;,
   -3.450440;165.847411;-6.660034;,
   -4.666016;166.114010;-7.736206;,
   -5.366455;166.587162;-8.370483;,
   -4.578369;166.079104;-9.674438;,
   -3.912354;165.462886;-10.647950;,
   -3.995361;165.933594;-11.355591;,
   -3.009521;164.811034;-11.738403;,
   -3.783936;166.414643;-11.973145;,
   -3.075439;165.165811;-12.274902;,
   -2.354980;164.255616;-12.559814;,
   -3.390137;166.757619;-12.595459;,
   -2.980225;165.706061;-12.665283;,
   -2.371094;164.787597;-13.188233;,
   -1.603302;164.132083;-13.232910;,
   -3.068604;167.067443;-12.977295;,
   -2.676270;166.326694;-13.064942;,
   -2.273926;165.435226;-13.470214;,
   -1.603821;164.624026;-13.727294;,
   -0.915680;164.036134;-13.504395;,
   -0.007172;164.581786;-13.978515;,
   -0.906647;164.576166;-13.986328;,
   -1.456429;165.448179;-14.098877;,
   -2.129639;166.128230;-13.535157;,
   -2.542236;166.901734;-13.330566;,
   -2.819336;167.431987;-13.199707;,
   -2.341797;167.347904;-13.507568;,
   -2.512939;167.850765;-13.406494;,
   -1.921387;166.835469;-13.683350;,
   -1.394775;166.151258;-13.994141;,
   -0.746155;165.252314;-14.235840;,
   -1.311897;166.817958;-13.936280;,
   -0.715134;165.984256;-14.185302;,
   -1.730499;167.363098;-13.874512;,
   -2.092468;167.795290;-13.701904;,
   -2.360962;168.224947;-13.487549;,
   -2.025024;168.212954;-13.743896;,
   -2.303711;168.459021;-13.500488;,
   -1.980347;168.449946;-13.759522;,
   -1.192825;167.350861;-14.027832;,
   -0.640724;166.806950;-14.030029;,
   -1.600403;167.820314;-14.028077;,
   0.745361;166.050867;-14.167480;,
   1.338745;166.803584;-13.927734;,
   1.434326;166.117594;-13.987304;,
   0.652714;166.788570;-14.032227;,
   -0.031944;165.979366;-14.168701;,
   -0.026959;166.818304;-14.032227;,
   -0.640716;167.303040;-13.984131;,
   -1.159012;167.798221;-14.211182;,
   -1.567932;168.261747;-14.089112;,
   -1.477295;168.844659;-13.935790;,
   -1.792297;168.989018;-13.487304;,
   -1.415161;169.099123;-13.774291;,
   -1.902222;168.775578;-13.636475;,
   -1.542542;168.511578;-14.047363;,
   -1.164795;168.198886;-14.336914;,
   -0.604851;167.695795;-14.201661;,
   -0.000519;167.388032;-13.968506;,
   -2.171997;168.726016;-13.479248;,
   -2.068542;168.937741;-13.307251;,
   -1.983032;168.936768;-13.001587;,
   -1.643494;169.011226;-13.231994;,
   -1.299561;169.106688;-13.498291;,
   -2.262634;168.906496;-12.817200;,
   -1.860596;168.747558;-12.752838;,
   -1.544800;168.767821;-12.968933;,
   -1.285645;168.803469;-13.161667;,
   -0.972290;169.222899;-13.825562;,
   -1.023743;169.171392;-14.089477;,
   -1.069214;168.893427;-14.259522;,
   -2.194946;168.765619;-12.543335;,
   -0.643921;168.532902;-14.571290;,
   -0.619545;168.934323;-14.500976;,
   -0.616028;169.215334;-14.285645;,
   -1.007568;168.841306;-13.347946;,
   -0.578369;169.257318;-14.012818;,
   0.012385;169.187994;-14.385010;,
   0.008636;168.851558;-14.599122;,
   0.007423;168.529293;-14.682861;,
   0.001854;168.105677;-14.663818;,
   0.588379;168.913344;-14.513917;,
   0.542767;169.224614;-14.301514;,
   0.623428;168.536627;-14.578125;,
   1.093567;168.905638;-14.232666;,
   1.033035;169.174310;-14.072021;,
   0.536011;169.257318;-14.025024;,
   0.013275;169.286131;-14.231202;,
   -0.599121;168.827878;-13.564560;,
   0.951050;169.207270;-13.772582;,
   1.210205;168.863283;-13.242614;,
   0.842285;168.892941;-13.459640;,
   0.500000;168.865114;-13.618698;,
   -0.062256;168.873651;-13.735962;,
   0.616486;168.143680;-14.577149;,
   1.146668;168.530445;-14.298829;,
   1.488770;168.869939;-13.911378;,
   1.404541;169.107661;-13.753906;,
   1.346191;169.106202;-13.502320;,
   1.680298;169.015386;-13.255738;,
   1.756592;169.007078;-13.483154;,
   2.030884;168.941645;-13.050537;,
   2.323730;168.912602;-12.833618;,
   2.092224;168.931635;-13.290527;,
   1.853516;168.806451;-13.645997;,
   1.557739;168.580570;-14.006592;,
   1.155762;168.273946;-14.347656;,
   1.595459;168.311923;-14.066162;,
   1.984985;168.526093;-13.733643;,
   2.194946;168.751526;-13.444091;,
   2.414673;168.892698;-13.082275;,
   2.633331;168.906010;-12.940674;,
   2.533569;168.719782;-13.233154;,
   2.793182;168.771814;-13.025634;,
   2.299438;168.502874;-13.498779;,
   2.005127;168.291507;-13.757080;,
   2.356812;168.245875;-13.487304;,
   2.628784;168.540928;-13.229981;,
   2.918411;168.640960;-13.007568;,
   2.996338;168.815488;-12.866455;,
   3.118103;168.739866;-12.846435;,
   3.006592;169.128781;-13.129883;,
   3.226379;169.219699;-13.075195;,
   2.987427;169.632512;-13.203125;,
   3.302612;168.672486;-12.919190;,
   3.029221;168.488307;-13.020019;,
   2.732300;168.322086;-13.221435;,
   1.194618;167.818509;-14.208251;,
   1.634460;167.830029;-14.011230;,
   2.107300;167.809382;-13.690430;,
   2.507324;167.875034;-13.410889;,
   2.918945;167.985075;-13.140869;,
   3.244629;168.288051;-12.929199;,
   1.237488;167.349453;-14.024658;,
   1.716492;167.351578;-13.878662;,
   2.248779;167.325606;-13.564210;,
   2.772705;167.445530;-13.231446;,
   3.135254;167.661261;-12.985840;,
   3.447998;168.132826;-12.775879;,
   3.572327;168.739802;-12.776367;,
   2.395264;166.914099;-13.421875;,
   3.062012;167.101990;-12.987793;,
   3.498291;167.466675;-12.637207;,
   3.734131;168.018842;-12.437744;,
   3.860108;168.897203;-12.458984;,
   3.497314;169.425510;-12.873291;,
   3.776123;169.702272;-12.567383;,
   3.223877;169.955725;-13.035889;,
   3.843018;167.284083;-12.183594;,
   4.084717;167.986816;-11.987061;,
   3.427490;166.766234;-12.555786;,
   2.756348;166.376922;-13.006470;,
   2.097168;166.126477;-13.562744;,
   1.822998;166.811827;-13.739258;,
   4.147705;169.854144;-12.174805;,
   4.741211;169.168307;-11.411866;,
   4.239746;169.031283;-11.951904;,
   4.597900;168.089331;-11.397461;,
   4.342285;167.145472;-11.520386;,
   3.759277;166.352320;-11.983886;,
   2.959717;165.729178;-12.695068;,
   2.188721;165.414618;-13.563720;,
   4.634766;170.258381;-11.811523;,
   5.295654;169.370573;-10.699218;,
   5.208252;168.072691;-10.548462;,
   4.958496;167.056640;-10.378662;,
   4.047608;166.005978;-11.325806;,
   3.057617;165.186163;-12.320190;,
   2.285400;164.813350;-13.303222;,
   2.291504;164.280154;-12.730957;,
   1.532349;164.100339;-13.238526;,
   1.560730;164.690304;-13.794922;,
   0.880920;164.087642;-13.579346;,
   0.843140;164.673037;-14.048829;,
   0.851349;163.764890;-12.810058;,
   1.489288;163.890867;-12.684814;,
   2.134773;164.109376;-12.134888;,
   3.013184;164.831539;-11.816528;,
   1.367203;163.857421;-11.913941;,
   0.785492;163.779046;-11.978027;,
   1.553337;164.222656;-11.196289;,
   0.795319;164.052493;-11.164795;,
   0.000000;163.898189;-11.917481;,
   0.034782;163.796877;-12.849366;,
   0.020020;164.063475;-13.544434;,
   0.000000;164.056640;-10.989502;,
   -0.844597;163.729254;-12.771118;,
   -2.182495;164.049562;-12.067505;,
   -1.391436;163.842534;-11.948318;,
   -1.550621;163.846682;-12.672730;,
   -0.785492;163.779046;-11.978027;,
   -0.795319;164.052493;-11.164795;,
   0.000000;164.144282;-10.284302;,
   -1.833008;172.132390;-13.737304;,
   -1.742188;171.677798;-14.149902;,
   -1.772827;171.586931;-13.697998;,
   -1.739990;172.202240;-14.122315;,
   -1.462891;171.943514;-14.688965;,
   -2.240967;172.261491;-13.631104;,
   -1.577393;173.065523;-14.116454;,
   -1.485840;172.706906;-14.291259;,
   -1.506348;172.495066;-14.469238;,
   -1.100586;172.559539;-15.025147;,
   -0.814972;170.965043;-14.404298;,
   -0.380417;170.745856;-14.575928;,
   -0.961762;170.707917;-14.414062;,
   -1.716217;170.884032;-13.921875;,
   -1.536621;171.152704;-13.930176;,
   -1.498749;171.341555;-14.259888;,
   -1.301331;171.550298;-14.769776;,
   -1.079590;172.056218;-15.244141;,
   -0.635132;171.181082;-14.375000;,
   -0.772396;171.650150;-14.244384;,
   -0.480957;171.480474;-14.394286;,
   -1.092590;171.214362;-14.302734;,
   -1.202118;171.362547;-14.451782;,
   -1.161682;171.458010;-14.735229;,
   -1.046143;171.606451;-15.216430;,
   -0.904297;172.079130;-15.548096;,
   -0.943848;172.802278;-15.129150;,
   -0.821533;171.511232;-15.527344;,
   -0.408417;171.787046;-16.077392;,
   -0.028709;171.406733;-16.022216;,
   -0.458923;171.431706;-15.957520;,
   -0.585808;171.271002;-15.700195;,
   -0.716553;171.688960;-15.849610;,
   -0.710449;172.150758;-15.865723;,
   -0.696289;172.821325;-15.485107;,
   -0.643555;173.416742;-15.175781;,
   -0.993652;173.327898;-14.691406;,
   -0.408173;172.274419;-16.023194;,
   -0.427734;172.804621;-15.741944;,
   -0.402039;173.524902;-15.482422;,
   -0.036987;173.550656;-15.677002;,
   -0.014587;174.267622;-15.536378;,
   0.413498;173.538944;-15.463622;,
   0.420982;174.274662;-15.365478;,
   0.743042;172.818419;-15.431152;,
   0.668366;173.559603;-15.087158;,
   0.391830;172.843930;-15.745605;,
   -0.032928;172.842432;-15.862549;,
   -0.092712;172.216486;-16.060547;,
   -0.051849;171.786406;-16.123534;,
   1.550308;171.378662;-14.250733;,
   1.168945;171.463130;-14.777222;,
   1.393311;171.710938;-14.743653;,
   1.125122;171.676019;-15.128662;,
   1.212402;172.159731;-15.052246;,
   0.963623;172.223450;-15.421387;,
   1.016846;172.833165;-14.957520;,
   0.793732;172.263002;-15.708496;,
   0.423920;172.265011;-16.022706;,
   0.763519;171.685299;-15.776366;,
   0.465088;171.797235;-16.059082;,
   0.453186;171.429133;-15.958251;,
   0.523716;171.268314;-15.769531;,
   0.857788;171.591309;-15.515626;,
   0.249756;171.394342;-14.599549;,
   0.734087;171.679936;-14.858550;,
   0.658829;171.775142;-14.501954;,
   0.897438;171.594970;-14.844238;,
   1.011047;171.442138;-15.065064;,
   0.730759;171.282227;-15.243957;,
   -0.027298;171.164301;-15.775635;,
   -0.636078;171.210445;-15.270630;,
   -0.615326;171.783450;-14.584962;,
   -0.792877;171.594970;-14.932678;,
   -0.581084;171.617434;-14.951294;,
   -0.953705;171.419187;-15.101197;,
   -0.383301;171.078618;-15.142211;,
   -0.017975;171.015386;-15.483154;,
   0.425781;171.094848;-15.177613;,
   0.437866;171.535885;-14.968566;,
   -0.007690;170.983155;-15.269653;,
   -0.003113;170.929933;-15.069336;,
   0.346329;170.906496;-14.627075;,
   0.005646;170.846682;-14.854370;,
   0.297607;170.966554;-14.850830;,
   0.543579;171.139469;-14.391357;,
   0.683960;170.916992;-14.460205;,
   1.162109;171.207514;-14.297363;,
   1.488464;171.118170;-13.974365;,
   1.270180;171.373530;-14.518432;,
   1.856201;171.515866;-13.658448;,
   1.784668;171.686170;-14.010986;,
   1.671936;170.804838;-13.984619;,
   1.088013;171.549555;-14.400635;,
   1.039093;171.537600;-14.651366;,
   0.846291;171.553229;-14.198731;,
   0.587891;171.368896;-14.373534;,
   -2.264786;175.291149;-12.868652;,
   -2.755493;175.272269;-12.946045;,
   -2.344345;175.473958;-12.844970;,
   -2.136864;175.028979;-12.948730;,
   -2.743896;175.073882;-12.976806;,
   -3.305725;175.220045;-12.972900;,
   -3.271759;175.505984;-13.042725;,
   -2.810196;175.581939;-13.039306;,
   -3.267731;175.727859;-13.049072;,
   -2.831772;175.815245;-13.050049;,
   -1.850952;174.379277;-13.465088;,
   -1.312256;175.201178;-13.502930;,
   -1.149902;174.875622;-13.856690;,
   -1.921997;174.776051;-13.194824;,
   -2.791458;174.784550;-13.082519;,
   -3.360062;174.920000;-13.012451;,
   -3.895752;175.242970;-12.873779;,
   -3.816482;175.522278;-12.926514;,
   -3.223633;172.416499;-13.219970;,
   -2.904053;171.770854;-13.276855;,
   -2.506714;172.967219;-13.499512;,
   -2.695801;173.574336;-13.370606;,
   -1.734741;173.982118;-13.612304;,
   -2.739494;174.025178;-13.334717;,
   -2.737762;174.420109;-13.224366;,
   -3.512176;174.610470;-13.090576;,
   -3.740600;174.026189;-13.174072;,
